0000010100101110 3.
1001111100001101 2.84868156589
0101110010110001 3.
0000010100000111 2.84868156589
1010010011011110 2.84868156589
1000001110111001 3.
1011110011011101 3.32537578003
0110011001101110 1.7012377756
0101100010100011 2.84868156589
0000110110100110 3.32537578003
0111100100000111 3.
0101111111010001 3.
0111001100001000 3.
0011010011101010 3.
0000000010111110 2.21691718669
0001100101111110 2.84868156589
0010111001101110 2.84868156589
1011010110110010 3.32537578003
0000001010101010 2.84868156589
0000011010000010 3.
0011001011011000 2.84868156589
0010110011011000 3.32537578003
1101111001011001 3.
0101000001010111 2.84868156589
0010110111001011 2.84868156589
0001001100110011 1.7012377756
0111110000011111 3.
0010110100000111 2.84868156589
1010111010000111 3.32537578003
1001000101001110 2.84868156589
1110000000000000 2.84868156589
0010101000110010 3.
0000110100101000 3.32537578003
1010111001110000 3.
0010011100101110 3.
1010001011000001 3.
1100000000111001 3.
1100010000011010 3.
1100101011100010 3.
1100101110110110 3.
0011101011101011 3.
0010001001110010 3.
1111110100110010 3.
1100110100111010 2.84868156589
0010011111000101 3.
1010110100011001 3.
0001110110001100 3.32537578003
1110100101011001 2.84868156589
1000101110011111 3.
0101100010001110 3.32537578003
1110101101110010 4.
0111000110110000 2.84868156589
0010111001110110 2.84868156589
0010100001110000 3.32537578003
1111011010100100 3.32537578003
1000110110000010 4.
1010001110110111 3.
0111010101010111 2.21691718669
0110110101100110 2.84868156589
1011001100101100 3.
0110001000011101 2.84868156589
1011010101001100 3.
1001000101101100 2.84868156589
1101101001011011 2.21691718669
1011101110011011 2.84868156589
0001110010111110 2.84868156589
1001000101000001 3.32537578003
1001101000001000 3.32537578003
0100100110111110 2.84868156589
0111010000001101 2.84868156589
1100100100101000 3.
1111010111001000 3.32537578003
1100110010101001 3.
1101111100001111 2.84868156589
0101110001111000 3.
1010100111011101 3.
0101010000111101 3.
0011011111101011 3.32537578003
1100101001111010 2.84868156589
0101111100001110 2.84868156589
1101000100100001 4.
1100101111101110 3.32537578003
1110100100101000 2.84868156589
0100001111001110 3.
0101000101100101 2.84868156589
1001100100101111 2.84868156589
1100011000000110 3.
1001110000001100 3.
0001101011010110 3.
0010111011111100 3.
1011100001111010 3.32537578003
0111100101110011 3.
0000111001011000 3.
0110101011010101 2.84868156589
1100000100001001 3.32537578003
1100000010100010 3.32537578003
1001001010101110 3.
0111110011001111 2.84868156589
0101010100101111 2.84868156589
0100011001101001 2.84868156589
0001110010101011 3.
0010100011011100 3.32537578003
1000000011110110 2.84868156589
1100001010110110 3.
1001100011011110 3.32537578003
1010010010101001 2.84868156589
0000001111011110 3.
0010000001001100 3.
0010000101111000 3.
0000011000011011 3.
0000011011101011 3.
0100010110011011 3.
1000111010010011 3.
1000010101111111 3.
0110110100001100 3.32537578003
0101011010000001 3.
1010010100010011 2.84868156589
0100100111010001 3.32537578003
1011011010101010 2.84868156589
1001101111110000 2.84868156589
1011100110001010 3.
0010111000001111 2.21691718669
1101101101101100 3.
0110101010101111 3.
1000000000100101 3.
0101010111110110 3.
0001011001011111 3.32537578003
0101000000110111 3.32537578003
0111100101011010 2.84868156589
0111010001101111 3.
0000110100011111 2.21691718669
1001100100010111 3.
1101011010001011 3.32537578003
1100001011100010 2.84868156589
1011111110111101 2.84868156589
1100101000111110 2.84868156589
1000001101111000 2.84868156589
0001010101010010 3.
1000011001001010 3.
0110010000010001 2.84868156589
0010000111000001 3.32537578003
1010000001011010 2.21691718669
0101011000010111 3.
0001000100111001 3.
1110101010001101 3.32537578003
0111000111110000 2.21691718669
1110100001000010 4.
1101101000111010 2.84868156589
0110010101101110 2.84868156589
0011110100011010 3.
1110001011101101 4.
1001011101111001 2.21691718669
0100011110101011 2.84868156589
1001000010011010 3.
1011010101101011 3.
0111001110000111 3.32537578003
0011011100100111 2.84868156589
1101100011101111 3.32537578003
0110101000100110 2.84868156589
1010100110100001 2.84868156589
0001100011111010 3.
0000100011100001 3.32537578003
0001100010001101 3.
1000011100001101 2.84868156589
0000110111010101 3.
0010010000110010 3.32537578003
0101100100100101 2.84868156589
0100100111111001 2.84868156589
1111111001001000 2.84868156589
0010111110000011 3.
0111100001100110 3.
1101000111110111 3.32537578003
0100101010101010 2.84868156589
0010100111101110 3.32537578003
0010000000010100 2.84868156589
0001010110101101 3.
0001000111011010 3.32537578003
1101001100101011 3.32537578003
0010000110111110 3.
0010101000011101 2.84868156589
1110010110101100 2.84868156589
0101111000011110 2.84868156589
0011111010011110 3.
1111110110111001 3.
1011001010001101 3.
0001001011100001 3.
1110101011001001 3.32537578003
0011001010100110 3.32537578003
0100000000110110 3.32537578003
1111010110101101 2.84868156589
0000001001001001 3.
0101010000101111 3.
0100111011100111 3.
0000111000010100 3.32537578003
0101000100100001 3.32537578003
1101001000011011 3.
1100101010010001 3.32537578003
1010110001100011 3.
1010101101001111 3.
0010000100100010 3.
1010001001110010 3.32537578003
1010000100110010 3.
0000000111110111 2.21691718669
1011010111100010 3.32537578003
1110101101100010 3.32537578003
1111001111001000 2.84868156589
0000101011110101 2.
0101101001111010 1.7012377756
0101011011000000 4.
1101000100110000 3.
1101100001010111 3.32537578003
0011001101010101 2.
1001001011100111 3.32537578003
1001011010010101 2.21691718669
1001111011100000 3.
1100111001110110 3.
1101110101111100 3.32537578003
0010100101110111 3.32537578003
1110110110101101 2.84868156589
0001000001101111 2.84868156589
0111101000011010 2.21691718669
0000110101111100 3.
0011010101011001 3.
1001001001110000 3.
0011111001111101 2.84868156589
0100010011100010 3.
0101101000110000 3.
1101010111001010 2.84868156589
0100100000000100 2.84868156589
0010111101100010 3.
0100100010100100 2.84868156589
0010000010010100 3.
1000000010011001 2.84868156589
0101111011000101 2.84868156589
0001110000001101 3.
0111110010011001 2.84868156589
0001000101000110 2.84868156589
0000111000110100 3.
1000011001110100 3.32537578003
1100101100000100 3.
0010111110101000 3.
1011010011000010 2.84868156589
0011100001000100 3.32537578003
0001101000110101 2.84868156589
1100000101010111 3.
0100011011011111 3.
1100001010101011 3.
0111100100000010 3.
0000111111000111 2.84868156589
1110010101110111 3.32537578003
0111000010110000 2.21691718669
0011100000101010 3.
0101010110010010 2.84868156589
1010000110101111 2.84868156589
0101101110111101 2.84868156589
1011101011110101 2.84868156589
0100110101000110 3.32537578003
1110010110010001 3.
0100000001111001 3.
1011011110001001 3.32537578003
0010000110111100 3.32537578003
1111111010101000 3.
1101010011011001 3.32537578003
1001110010100010 3.32537578003
1011000011010010 2.84868156589
1111010110000001 3.
0100001110111000 2.84868156589
1001101111110001 3.
1100101110000111 2.84868156589
1000010111101001 3.
0000011101111000 2.84868156589
0011100111100000 3.32537578003
0110100001001100 3.
1100110010011110 2.84868156589
1001111110101111 3.
1010100001001111 3.
0111011011001110 3.
1100110000010011 1.7012377756
0000010111100010 3.
0000000101001111 3.
1100000001001101 3.
0010110101110110 3.32537578003
1001100111011101 2.21691718669
0000000011100111 2.21691718669
0111001111110011 2.84868156589
0000100010000100 2.84868156589
0010000101100111 3.32537578003
0011111010000000 3.
1010111000110101 2.84868156589
1111101101010110 3.32537578003
0001001100100110 3.
0111001110000110 3.
1000011110101100 3.
0111101011011010 2.21691718669
0000111000011100 3.
1100100100111001 2.
0101000010110011 3.32537578003
1001011010101001 2.21691718669
1111100110011001 2.21691718669
1001111100011011 3.
1000011010110100 2.84868156589
1100101010111111 3.32537578003
0011000011111100 2.
0000001100101000 3.
1011001111110100 3.
1111000000111101 2.84868156589
0101001011001101 3.
0110101001010010 2.84868156589
0011001110111010 2.84868156589
1100111100010101 3.32537578003
0100001001011001 3.
1011000101010000 3.
0000111011101001 3.
0000001101110011 2.84868156589
1100101111011000 3.32537578003
1110111001011011 3.32537578003
0000110000111001 3.
0011101101001110 2.84868156589
1100100000001000 3.
1010001011010000 3.
1111010110001111 2.84868156589
1011000100101001 3.32537578003
1001101101010001 3.
0001011001100011 2.84868156589
1100100101110100 3.
0100000111110000 3.
1101111000101110 4.
1010010111011010 1.7012377756
1101111001101010 3.
1011011001110010 3.32537578003
1100111101010100 3.32537578003
0100010110000011 3.
1011011100110011 2.21691718669
1011101111010100 3.
1110010001100011 3.
0100100111000100 3.
0010101100010111 2.
0110010101000000 3.32537578003
1001000000101000 3.
1100111111001111 2.
0111011001110101 3.
0001111111110000 1.7012377756
0100111000011101 3.
1001101001010100 2.84868156589
0100010101101001 2.84868156589
1010100010110110 3.
0011010011101111 3.
0101000101101101 3.
0000010101111110 3.
1000100010010110 3.
1001110001000111 3.
0011100100101010 3.32537578003
1010111111111111 2.21691718669
1001110010011001 2.21691718669
0101011100100000 3.
0011011001000000 3.32537578003
0110000001001011 3.
1010110100001101 3.
1001001001001011 2.84868156589
1111100011111110 3.
0001100011011111 2.84868156589
1100011000100011 2.84868156589
0011101111000000 2.84868156589
1101100110101101 3.
0010100100011000 3.32537578003
0011010001011001 3.32537578003
1110101001111111 3.
0110000011000110 3.
0000101100110101 3.32537578003
0100000000000101 2.84868156589
1101010000000101 3.
0001110010001101 3.32537578003
1100001111101100 2.84868156589
0000101111110101 2.84868156589
0101001100100011 2.84868156589
1011100110101100 3.32537578003
0001010010010001 3.32537578003
1001100000010110 3.
1110111000010000 2.84868156589
1001011010101010 2.
0000111100111010 3.
0001001001000101 3.32537578003
1010100110001110 3.
0000000111111110 2.21691718669
1010111111000010 3.32537578003
0000101011001110 3.32537578003
0110111000000110 2.84868156589
1111111110010110 2.
0110110110000000 3.
0110101100001111 2.84868156589
0110010000101010 3.
1100100111001011 2.84868156589
0110010011110110 2.84868156589
1010100001011101 2.21691718669
1100010110100011 2.
1100111101001100 2.84868156589
1101110000100011 2.21691718669
0110111111111010 3.
0101000111001010 2.84868156589
0101111100011100 3.32537578003
0101101110000001 2.84868156589
1110111000110011 2.21691718669
0101010011110000 2.84868156589
0001000110000010 3.
0000110111000110 3.32537578003
0010010101010011 2.84868156589
1101000100110011 3.
0101110101100000 3.32537578003
1111000101101101 3.
1011101111001110 2.84868156589
1110001000110101 3.
1001001010111111 3.
0110001100010101 3.32537578003
0000011111001100 2.84868156589
0100111100011101 2.84868156589
0110000110100011 3.32537578003
0100110110001101 3.
0001111010010011 3.
1001000110110101 3.
0110010110000100 3.
0101111100110101 3.
1011011000001010 3.32537578003
1110001111001111 2.84868156589
0111101101010001 3.32537578003
0100101101000000 3.32537578003
0111111110110000 3.
0101100000111011 3.
0110111001010101 2.84868156589
1110110001110010 2.84868156589
0011111110101011 3.32537578003
0000001010111100 3.
1100001100101011 3.
0000101101000100 3.32537578003
0110101100011101 3.32537578003
0111111011010100 4.
1111001100000001 2.84868156589
0111101101010000 3.
1010010101010101 2.
1110011111111110 2.84868156589
0110101010010111 2.84868156589
0001110010101001 3.32537578003
1000010110011011 3.
1011101010110010 2.84868156589
1100001100100001 3.
1111101010110011 3.32537578003
1110111111110110 2.84868156589
0111100100100000 3.
0110011100011111 3.
0110010001110101 3.
1110011110110110 3.32537578003
0010111101111111 3.
1111101010010010 3.32537578003
0010011101110110 2.84868156589
1111011000010001 3.
1100010000011101 3.32537578003
1111111000010111 3.32537578003
1100101000101100 2.84868156589
1100000111010001 2.84868156589
1100000101111010 3.
0000010001001111 3.
0001110111000011 2.21691718669
0111111010111110 3.
0011111100011000 3.
0010100110101100 3.32537578003
1100101010100000 3.
1110100000000001 3.32537578003
1111101011110011 3.
0010111011011000 3.
1010111001100010 3.
1011110101111110 2.
0011100111100100 3.
0001010011011011 3.
1011001100110111 2.21691718669
1011010110101010 2.84868156589
1010001011111011 3.
0001010100010110 3.
1100001111010010 2.21691718669
1001100010100001 3.
0011100001110100 2.84868156589
0101011010100000 3.
0001011110101000 2.84868156589
0110111010001101 2.84868156589
1000101110001110 3.
0010011100101001 3.32537578003
1001011011010101 2.84868156589
0101111110011001 3.
1101011000000001 3.
1000010011110000 3.
1001010110110101 2.84868156589
1011100101010011 3.32537578003
0001001010100111 2.84868156589
1100011001110011 2.84868156589
1101001010110010 3.
1010000000111001 4.
1010000010101100 3.
1010001010010111 3.
1101101010100101 1.7012377756
0100110101110100 3.
0011000101110010 2.84868156589
0011111101001111 2.84868156589
1010010000010100 3.32537578003
1001011010000100 2.21691718669
1100011010100011 3.
1101101000110000 3.32537578003
1001010100110101 3.
1011101101111110 3.
1000110100000111 2.84868156589
1100010110111110 3.
1001000111010000 3.
0111111111010000 3.
0010100011010000 3.32537578003
1110011101110110 2.84868156589
0100010011001100 2.21691718669
1110001010011010 3.
0111100000111010 3.
1110111010101001 3.
1110110111010010 3.
1111110000000101 3.
1101110001000000 3.
1000000001101011 3.
1100110111111000 3.
1011110111010001 3.
1100111100001000 2.84868156589
0010010011001111 3.
1110010111010100 3.32537578003
0000111111101001 2.84868156589
1101010010110000 2.84868156589
1101000011100101 3.
0001111010011110 2.84868156589
0111100010010110 2.21691718669
1011011100110001 2.84868156589
0011010001010010 3.
1101110100000011 3.
1100111000000001 3.
1010011111001100 2.84868156589
0110100001100000 2.84868156589
0101111001101000 3.
0001110010100111 3.
1001010001100110 2.84868156589
0111001110101110 3.
0100010001110110 2.84868156589
0110101001111001 2.84868156589
1100101101100101 3.32537578003
1101111011010110 2.84868156589
1100101001101101 3.32537578003
0010111010111010 2.84868156589
0000010100101000 3.
0000001011011010 3.
1111111101011011 2.84868156589
1101110111000000 3.
0000000101010011 3.32537578003
1100011011011101 3.
1011000111011100 2.84868156589
1010001111010100 3.
1010011011000111 3.32537578003
1101110010010011 2.84868156589
1111111001111111 2.21691718669
0010111110101111 2.84868156589
0110011110101101 3.
1001001000010101 3.
1111101001001100 3.32537578003
0001110011111111 2.84868156589
1001010100000101 3.
1111100110011010 3.
1101100001011110 2.84868156589
1101101000110111 3.
1110111110100000 2.84868156589
1010010101101111 3.
0010000100001001 3.
0100011011000000 3.32537578003
0111010010110111 4.
1001100010110001 2.84868156589
1011100010001100 3.32537578003
1111101110110101 3.
0010000000101110 3.32537578003
0111010101010101 1.7012377756
0110100001000010 3.32537578003
1100101001011100 2.
0000011010011001 2.21691718669
0001010101111011 3.32537578003
1001110001011010 3.
1010011001011010 2.21691718669
0010011000000001 3.
0110010000001011 3.
1101000001111111 3.
1111010111101110 3.
0001010001110110 3.32537578003
1000001110011010 3.32537578003
1011010101011110 2.21691718669
0010101101000100 3.
0111010010100000 3.
0111000111011101 3.
1010001100101010 2.84868156589
1111001101000101 3.32537578003
1111010111010101 2.84868156589
1001110111111000 3.
1110000110101101 2.84868156589
0111100100101100 3.
0011100101111010 3.32537578003
1101110111011010 3.32537578003
1100111110001000 3.
1111101100100001 2.84868156589
0101000011011000 3.
0011001110001000 2.21691718669
0111100011111101 3.32537578003
1010101010100000 2.21691718669
1000000000000101 2.84868156589
0001000100101011 3.
0001011011111110 3.
0111001000011000 3.
0001100000010110 3.32537578003
1110000101001100 3.32537578003
1111000110101110 3.
1000010100111011 3.
1010001011000111 3.
0011111000010000 3.
0010000001010001 3.
1100001111001100 2.
0010001000101111 3.32537578003
1011100110110101 3.
1000101011000111 3.
1011000111111001 3.
0111011000111011 3.
1100001110111001 2.84868156589
0111011101110011 2.84868156589
1011010001011101 3.32537578003
0001100111111100 3.32537578003
1101001011100010 3.
0101111101010110 3.
1001011000001111 2.
0100001101010101 2.84868156589
0101011111101011 2.84868156589
0000110000000100 2.84868156589
0100100010001100 2.84868156589
1101110100110001 2.84868156589
1100001110111101 2.21691718669
0000111000111111 2.84868156589
1101100010100101 2.21691718669
0101000110111000 2.84868156589
0001001011010101 3.32537578003
1000111000001011 2.84868156589
0011111110111101 3.
0010110000000111 3.
0000111011100010 2.84868156589
1011111010011010 3.
0000101001100100 3.32537578003
1101101010110000 3.
1001000011100100 3.
1111010011110111 3.
0100010001101101 3.32537578003
1000111011110001 2.84868156589
0111101100001110 3.32537578003
0011100101111000 3.
1101111010101111 3.
0001001010000110 2.84868156589
1001001001011110 3.
0111110100111000 2.84868156589
0011010000110101 2.84868156589
1110011000111111 3.32537578003
0001001110011101 3.
1010111111111100 3.
0110110110100101 2.84868156589
0001111111010110 3.
0100110111010100 2.
0101110001001101 3.
1000110111110011 3.
0010011100100000 3.32537578003
1100111001111101 3.32537578003
1101010101100010 3.
1001110110000110 3.
1110001000101010 2.84868156589
0100101011110111 3.
1100011011010101 3.32537578003
1111011010010101 3.
0100011111100111 3.
1000001001000010 3.
0110101100100011 3.
1011011110011001 3.
0110100001101111 2.84868156589
1101010011100110 3.32537578003
0010101111010111 3.
0011000010011001 3.
1010000111010101 3.
1011001101111111 3.
1111111001100100 3.
0101110000101000 3.
1001011001010100 2.84868156589
1000011101010001 3.32537578003
1110010101000000 3.
1101110101111011 3.
1001101110100100 3.
0001110110011011 2.84868156589
0000100000000000 1.7012377756
1001100111000101 3.
1010010010011100 3.32537578003
0111001010010100 3.32537578003
0100010011000000 3.
0110000001111110 3.
1000011111010110 2.84868156589
0110101100100101 3.
0110011010010000 2.21691718669
1011101101100010 2.84868156589
1001100011010111 3.32537578003
1101111101111010 3.
0000000100011100 3.
0101101101101110 3.
1001101110111001 2.21691718669
0111110001001101 3.32537578003
1111110000001110 2.84868156589
1010010000100111 2.84868156589
1100000101101010 3.32537578003
1011111000110011 3.
0000011001000011 3.32537578003
0101010111111011 2.84868156589
0110000100110001 3.
1011101110010110 3.
0010011010010100 3.
0011101001011001 3.
0000010001100101 3.32537578003
0111010100110111 3.
1100010110110011 2.84868156589
1010100000010100 2.84868156589
1010011111000101 2.84868156589
0011111111000011 2.21691718669
1100111011110000 2.84868156589
1111011100011010 3.
1101000101101111 3.
0100001100101101 2.84868156589
0101110010000000 3.32537578003
1011000111010111 4.
1001100111110111 2.84868156589
0011001111001111 2.21691718669
0110100010100010 3.
0000011000110001 3.32537578003
0000000011101011 2.21691718669
1011110001100000 3.32537578003
0011111010000111 2.84868156589
1001101011011001 2.84868156589
1100010110010000 4.
1100101000010111 3.
0001001111101010 3.
1101010000101011 2.
0001111111101001 3.
0110100101111010 2.84868156589
1000101011010011 3.
0100100000110110 3.
0110000101000110 3.
1101101110000011 2.84868156589
0101000010000110 3.32537578003
0001110011001111 2.84868156589
0110010001110001 3.32537578003
1100001001101101 3.
1100001011100001 2.84868156589
0110010011001101 3.
0000100000001110 3.
1011011001000000 3.
1100001001010001 3.
0101111010000100 2.84868156589
0110111100100011 3.32537578003
0100010011001101 2.84868156589
0101101111100011 3.
0110100010000010 2.84868156589
0000010011111011 2.21691718669
0001011111101100 2.84868156589
1010001101001010 2.84868156589
0011010011001111 2.84868156589
0111010000101101 3.
0101111110111011 3.
0001101000001100 3.32537578003
0010101110110100 3.
1110111110010010 3.
1101000000101101 2.84868156589
0010100010111101 3.
1010000111011010 2.21691718669
0011010011111111 2.84868156589
1101110110011001 2.21691718669
1100110111011101 2.84868156589
0010011100101010 3.32537578003
1111111111100110 2.84868156589
1011110010100000 3.32537578003
0100000001111000 3.32537578003
1110100101000010 3.32537578003
1001101001001010 2.84868156589
1001011101010101 2.84868156589
1011011010001111 3.
0111001001000101 3.32537578003
0101100011100001 2.84868156589
1001111100101011 3.
0100010110100010 2.21691718669
1000110011101101 2.84868156589
0000010101101101 3.32537578003
1000000110110000 3.32537578003
1100010110011100 3.
0000011101011111 2.84868156589
1001001111100110 2.84868156589
1000101101000001 3.
0011011110010111 3.
0101100001110100 3.32537578003
0110100110011000 2.84868156589
1110111101011101 3.
1000010111111101 3.
0000110010000000 2.84868156589
0111010001010111 2.84868156589
0010000000010001 2.84868156589
1100100000110111 2.21691718669
1001010011011001 3.
1001000000111011 3.32537578003
1001010011010100 2.84868156589
1001110000001101 3.32537578003
1001010011110010 3.
1011000100010001 3.
0010111010001110 3.
1101011101100000 3.
1101111111010011 3.
1101011110111011 3.
0111000110110010 2.
0010111010000111 3.
1010111110000011 3.32537578003
1000100111100001 3.32537578003
1011000101011011 2.84868156589
1000001011110011 3.
0000110011010011 2.84868156589
1100001000110111 3.
1011000110111100 3.32537578003
1100111110110001 3.
1100010011000010 3.
1110000110001001 3.32537578003
0000100111000011 3.
1111000000110110 3.
1100110110111101 3.32537578003
1000111010010101 3.
0011001010000001 3.32537578003
0010100110001011 3.32537578003
1011100010011100 3.
1110001011000011 2.21691718669
0110110101001010 3.
1100001000100000 3.
1000100001111101 3.
1110101010000100 3.32537578003
0010101001001011 3.32537578003
0100010000111111 3.
1010011100011110 2.84868156589
0011111110011001 3.
0001101101011011 2.84868156589
1110011100011010 2.84868156589
1011101100110000 3.
0010011000100010 2.84868156589
1110010011101010 3.32537578003
0101001000111011 3.
0010111010001010 2.84868156589
0100110010111111 3.
0100111111111101 3.
0010010010011011 2.84868156589
0011001111110001 2.84868156589
0101010100011101 2.21691718669
0001110010101000 3.
1010011000000101 3.
1100100111001000 2.84868156589
1011101010111000 2.84868156589
1001000000111000 3.32537578003
1011101111010011 3.32537578003
1111111001101111 2.84868156589
0110000111110001 3.
1100111010010010 3.
0000010011011110 2.84868156589
1101010111101100 3.
0000111001001111 2.21691718669
0110100111111001 2.21691718669
0110110001111010 3.32537578003
1000011000110010 3.
0001001100110001 2.21691718669
0111101110011111 3.
1010010001111001 3.
1010000001011100 3.
0010010001011011 2.84868156589
0011101100001000 3.
1000111000001110 2.84868156589
1000100101101111 2.84868156589
1011000111100110 2.84868156589
1011000101110111 3.
1110010111110110 3.32537578003
0100100010110010 3.
1101110011001101 2.21691718669
1111010110011011 3.32537578003
0100001100010100 2.84868156589
1100010111110111 3.32537578003
0010100000000000 2.21691718669
0011100110000000 3.32537578003
1100111111101011 3.
1101110111110011 3.
1001101011111000 3.32537578003
1010010111101001 2.84868156589
0111110110111001 3.32537578003
0010000001110001 3.32537578003
1111010010101111 2.84868156589
1000011001111011 2.84868156589
0101110001011101 2.84868156589
1011010111110000 2.84868156589
1100011011110010 3.32537578003
1101000010111011 3.32537578003
1010110101111001 3.
1011101000010101 2.21691718669
0011000011010010 3.
0011001011001110 2.21691718669
1110101100000011 3.
0101011100110110 3.32537578003
0101000000101001 3.32537578003
0100001101110010 3.32537578003
1000111100110010 3.
0010110100001110 2.84868156589
0100001111010100 3.32537578003
0101110101000011 3.
1110011011110011 3.32537578003
1101001011101001 2.84868156589
0010110010011011 3.
0110010001001011 3.32537578003
0100010111110011 3.32537578003
0110100100111010 3.
0011001110100010 2.84868156589
1100111101110111 3.
0010100100101010 3.
1000100100001011 3.
1011111101011110 3.
1011011101000110 3.32537578003
0001000101110010 3.
1011010100100100 2.84868156589
0101101001001000 2.21691718669
0111010000110111 3.32537578003
0001001001000111 4.
0000000010001111 2.84868156589
1001111110110000 2.84868156589
0001100000101110 3.
1000101010011001 2.84868156589
1101000110001011 2.
0100000100101000 2.
1101100010000011 3.32537578003
1101000111111011 3.32537578003
0101011010001111 3.32537578003
0101011100110000 3.32537578003
1000001000101001 2.84868156589
1001001001011011 3.
0101011000101010 2.84868156589
1100110000101101 3.
0111001100011000 3.32537578003
0101000111111011 3.
0110000101011010 2.84868156589
0110100001000110 3.
0001011011000110 2.84868156589
0000110110111101 3.32537578003
0001010010101001 3.
0101111011001000 3.
1101100010011100 3.
0100101110111001 3.32537578003
0100101101100110 3.
1111010010001100 3.
0000011100110100 3.
1101110110101111 3.
0010000101001111 3.32537578003
1101001001111011 3.
1010101000001110 2.84868156589
1000010101001011 2.84868156589
0111010011011011 3.
0101010000111110 3.
1000111110100010 3.
1001011000110000 3.
0110010010000010 3.32537578003
0111000110111010 2.84868156589
1100001110010100 2.84868156589
0100001110001001 3.
1010000101010101 2.84868156589
0100001111011101 3.32537578003
1111001100010111 3.
1110010010100110 3.
1001001100101110 3.
0100110001001110 2.84868156589
1100000101111110 2.84868156589
1010110000001111 3.
1000101000011000 3.32537578003
0100101011000101 2.84868156589
0101011000001011 3.32537578003
1000001010100000 3.
1101101011001010 2.84868156589
0110100111001110 2.84868156589
0100011110001010 2.84868156589
1011110111000010 2.84868156589
1110000011001011 3.
1000110010101011 3.
0011000001110111 3.
0100111101100000 2.84868156589
1110100101110110 3.
0001110011001110 3.
0011010101101101 3.32537578003
0001001001011100 3.
0111000011100111 3.32537578003
1100000000100100 3.
1000000011101101 2.84868156589
1100001111001001 2.21691718669
1101101011100011 3.
1110010100000010 3.
0100000100010011 3.32537578003
1001110010100000 4.
1001100101011011 2.84868156589
1000110010100001 3.
0111100000001111 2.21691718669
1010001011110000 2.84868156589
0101010101110110 2.84868156589
1110000010010001 3.
0100111111111010 2.84868156589
1001100110110101 2.84868156589
1010001111101011 3.
1100001010100010 3.
0011000100111101 3.
0110010001100011 2.84868156589
1100110010011001 2.
0100001101101111 3.32537578003
1001101101110011 3.
0101110010101111 3.
1001010001001100 3.
1011110010100100 3.
0110101000011001 2.84868156589
0100101101101001 2.21691718669
0110110011000011 2.21691718669
0000111010010000 2.84868156589
1111101010111011 3.
1100110010111000 3.
0011101101010110 3.32537578003
1111011010001111 2.84868156589
0110000101110011 3.
1111111100001011 2.84868156589
0010011101000011 3.32537578003
1101100101101110 2.21691718669
1001101010001100 3.32537578003
0110110001111101 3.
0010110011001100 2.84868156589
1111101101111110 2.84868156589
0010010111001000 3.
1011011000001111 2.84868156589
1010111100010100 3.
0011011011011100 2.84868156589
1101111110010100 3.
1101010010000000 3.32537578003
1000111000100010 3.
1000110001110100 3.32537578003
0000011101100111 3.
0110111001101111 2.84868156589
1011000100101100 3.32537578003
1010010110010110 2.
1000111100110111 3.
0110011001110110 1.7012377756
1010100011101000 2.84868156589
0011001010001110 2.84868156589
1111000000101101 2.21691718669
0001001101010110 3.32537578003
0011110101110010 3.32537578003
0101110100101110 2.84868156589
0111110010111101 2.84868156589
0001001110010100 3.
1100011010110000 3.32537578003
1110001011000100 3.32537578003
1100011011100001 3.
1010111101001111 2.84868156589
1011101000100011 3.
1110000011111110 3.
1101000111001010 3.
0010110111010011 2.84868156589
1000000011110011 2.84868156589
0000100011101101 2.84868156589
1100011001101101 2.84868156589
0101110101111001 3.
1010011011010001 3.
0000000101101011 3.
0110011111001101 3.
0000111010011001 2.84868156589
0001100100001001 2.84868156589
0011101010011011 3.32537578003
1000011110010010 2.84868156589
1111000001011110 2.84868156589
0101110011110010 3.32537578003
1101010010111110 3.
0100101001011010 1.7012377756
1110010100010001 3.32537578003
0011001111000000 2.21691718669
1001010001000010 3.32537578003
1011011100001011 3.32537578003
1100101111000110 2.84868156589
1101101110011011 2.84868156589
0001110111010101 2.84868156589
0000110101100011 3.32537578003
0001100111001111 3.32537578003
0110011100011101 2.84868156589
0111101101010010 2.84868156589
1111011111101111 2.21691718669
0101011110010010 3.
0100101001011101 3.
1100110101011110 3.
0100010010000011 3.32537578003
0001000010011110 3.
1110110111101001 2.84868156589
1000100101011111 3.32537578003
0010010101001011 2.84868156589
1010000001110010 3.
1010100111100111 3.
0110001100011011 3.
0000110010000011 2.84868156589
1011001111100000 3.
1111010110111001 3.32537578003
1010011110010000 3.32537578003
1011101110111111 2.84868156589
0010110011110011 2.84868156589
0101001110110001 3.
1011100101011010 2.84868156589
0100110010010100 3.
1110001101000010 2.84868156589
0011110010100011 2.21691718669
1001111011000001 3.
0001110101011011 3.32537578003
0111000100111110 3.32537578003
0110010011011000 2.84868156589
0000110110111011 3.32537578003
0101010001010010 3.
1100000001011011 3.32537578003
1000111011011111 3.32537578003
1000110100011010 2.84868156589
1101010000101101 3.
0001000101011001 3.
1001110011010100 3.
1001111001111110 3.32537578003
0010110000111110 2.21691718669
1110010100110010 3.
1001110000011011 3.
0110111011011110 3.32537578003
1101001000100011 3.32537578003
0010111111100100 2.84868156589
0110110001100000 3.
1000011011001101 3.
1011101000010111 2.84868156589
1000000001110001 3.32537578003
0010011011011000 2.84868156589
1110011111100111 2.
1011001111011001 3.
1111101100110000 2.84868156589
1011111111110000 2.84868156589
1110111011100111 3.
0010100100001111 2.84868156589
0010000110001010 3.32537578003
0010000000011101 3.32537578003
1110110001011100 2.84868156589
1010010000001011 3.
0011110111001111 2.84868156589
1101001100001101 3.
0010101010010101 2.84868156589
1110100011100001 3.
0000001011011101 2.84868156589
0101101111001011 3.
0011011101110110 3.
1111010101000001 3.
0001110010110001 3.32537578003
1011001000100111 3.
0100000000001010 2.84868156589
1111111001111001 3.
1010010010110000 3.
0011011010100001 3.32537578003
0000000110101011 3.
0011011000001001 3.
1101000100101111 2.84868156589
1000000101000010 2.
0100011111100010 2.
1000111010011101 3.32537578003
0110010010011100 2.84868156589
1001111101011010 3.
1011100011110000 2.21691718669
0101001010000100 2.84868156589
1101011101111011 3.
0111110110111011 3.
0000111110001110 2.21691718669
1110001100010001 3.32537578003
1110101011010001 2.84868156589
0011100011001010 2.84868156589
1000011010011100 2.84868156589
1110011001101101 3.
0101010011010000 3.
1101101110111101 2.
0101101101111001 3.
0010011001011101 3.
1000110011100010 3.32537578003
0000101011000010 3.32537578003
0010000100110000 3.
1001010010100000 3.32537578003
1001010001000000 3.
0110110000000000 3.
1101001111110000 2.84868156589
1111100010101100 3.32537578003
1101100100000111 3.
1000100111100011 3.
1001001100110010 2.84868156589
1100001011011011 2.84868156589
0011110010101100 2.21691718669
1101110010011011 3.
1111110000000010 2.84868156589
0111100010010011 3.
1011101011110001 3.
1001000101011100 3.32537578003
1011001110001010 3.
1101010110000101 3.
1000100100000000 2.84868156589
1001001110000000 3.32537578003
0010111101001010 3.
0100101010010110 2.84868156589
0111110000110001 3.
1000001110010100 3.
0001110100000101 3.
1110001011100101 3.32537578003
1001000001000110 2.84868156589
0110001100110011 2.21691718669
1111001111100100 3.
0010111001101101 3.32537578003
0010100110001100 3.
0010101011000110 3.32537578003
1011100110011111 2.84868156589
0000010001100100 3.
1111100001101101 3.
0000001100011011 3.
0011110100000001 3.
0111010101000101 2.21691718669
1010101100000001 3.
1111110101000111 3.32537578003
1001110010010011 2.
1100000101010100 3.
0010001110000110 3.
1010001110000101 2.84868156589
0011101000100101 2.84868156589
1100110010001001 2.84868156589
1011100000101001 3.32537578003
0101100111100111 3.
1010100101100100 2.84868156589
0010101001110010 3.32537578003
1101101011010100 3.32537578003
1011101101110010 3.
1010100100101010 2.84868156589
1010010001101011 3.
1000001100000100 3.
1111110010100100 3.32537578003
0111101111001011 3.32537578003
0000110110110100 2.84868156589
0111111010001110 4.
1010110000110100 2.84868156589
0000011111101110 3.32537578003
0011010001001111 3.
0111111011000101 3.
0101110011100010 3.
1100011011000100 2.84868156589
0010011100111100 3.
0100110000011111 3.
1011101011011001 3.
1001000001010101 3.
1000010010001000 3.
1101001011011011 3.
1001111011010111 2.84868156589
1110010111001011 3.
0111111111110011 2.84868156589
1001101111011001 2.21691718669
1100011000010001 3.
1011001000100000 3.32537578003
1100001110111100 1.7012377756
1100110001011000 2.84868156589
1000011110000001 3.
0001001111011011 3.32537578003
0110010110110011 3.32537578003
0010000010010001 3.
1100011101111011 3.32537578003
0010100111100001 2.84868156589
0110101100000001 3.
1101011011000111 3.
0011100100010101 3.32537578003
1110110110001110 3.
0011110101111001 3.
0000011101010010 3.
1011110110010100 3.32537578003
1100110011001100 0.
1001100110101001 2.21691718669
0000010000110111 3.
0111100100101010 3.
1010101101111000 3.32537578003
0111010001001100 3.32537578003
1101111001010111 3.32537578003
0111111100000001 2.21691718669
0101001010001111 3.
0000010101001001 3.32537578003
1000110101111101 4.
0111001001000100 3.
1000001110010010 3.
1100000000000100 2.84868156589
1100101001100110 3.
0010011000101011 3.32537578003
1100101100111110 2.21691718669
0001000010101101 3.
0100111011110101 3.
0000011000010110 2.84868156589
1111011101111101 2.84868156589
0011001111010111 3.
1010110110111000 3.32537578003
1111100101101000 2.84868156589
1010000001001111 2.84868156589
0110101100101011 2.84868156589
0110001000110111 3.
1000111100100111 2.84868156589
0101001100100010 3.
1001111001011110 3.
0100011111011111 3.32537578003
1010110010101011 2.84868156589
0010001000110000 3.
0110101010111101 3.
1011101110100011 3.
0110111000011011 2.84868156589
1010110011000111 2.84868156589
0110001110101011 3.32537578003
0110110010010010 2.84868156589
0110111111100110 2.84868156589
1100100000101101 3.32537578003
0011101111001001 2.84868156589
1011101011111100 3.32537578003
1000011111010011 2.84868156589
0110101001110100 3.
0111001111110110 3.32537578003
0101101111000101 2.84868156589
0111011110010110 3.
1110110101101111 3.
0000011010010111 2.84868156589
1111110010000011 2.84868156589
1000011000011011 3.32537578003
1111111011001000 3.
1110001110001010 3.
0010101110001010 2.84868156589
0101011100111111 3.32537578003
1111000010111110 3.
1110101111110100 3.32537578003
0000001110100110 4.
1110011101010001 3.32537578003
0001110011110001 3.
1000010010001101 3.
0110111110001110 3.
0101000000101111 2.84868156589
0110011100110110 2.84868156589
1100001011100111 2.84868156589
1100111100001100 2.
1010011011111001 3.
0111101010101100 2.84868156589
1000111101111011 3.32537578003
0010101101100001 2.84868156589
0000001000111110 3.
1001100001100001 3.
1111110110111110 2.84868156589
1100010001010110 3.32537578003
1100000000010111 3.
0101011111101000 2.84868156589
0011110001011110 2.84868156589
0110001111110011 3.
0101001010010000 3.32537578003
1101001101001111 3.
0110101011011000 3.
0000000111011110 2.84868156589
0010110100000010 3.32537578003
0110010000011011 2.84868156589
1110010000000000 3.
0111110100100011 3.32537578003
0111001111000000 2.84868156589
1010111111000000 3.
1001110111111011 3.
1010001011011011 3.32537578003
0101101001101101 2.84868156589
0001011111101000 2.
1000000001110011 3.
0111110011100110 3.
0000000100011010 3.
0100000001010000 2.84868156589
1110000110101001 3.
0000011100100100 3.32537578003
0010001000111101 3.32537578003
0000100111010111 3.
1000011111110110 3.
1100000110001100 3.
0111000101000100 3.
0110010111111110 3.32537578003
1011001100111011 2.21691718669
1010011111000111 3.
0101111000101110 3.32537578003
1010010111010101 2.84868156589
0110000111100011 3.
0101000110111010 2.21691718669
1000110000111110 3.
1101011000101101 2.84868156589
1111001100000111 2.84868156589
0111001111001011 3.
1110000101101110 3.32537578003
0101101101000101 3.
0110110101011011 3.
0001101101110101 3.32537578003
1000101100011000 3.
0010100111101010 3.
0001111101100001 3.
0000010110111011 3.
1011001110011011 3.
1010000100011101 3.32537578003
0110111001110001 3.32537578003
0110000010111000 3.
0110100000000101 3.32537578003
1111111011100011 3.
0111101110000011 3.32537578003
1000100001100111 2.84868156589
1101101000011011 2.84868156589
0110000000110100 3.32537578003
0110011110010001 2.21691718669
0100101000110001 3.
0010111000101100 2.84868156589
1110011110101000 3.32537578003
0111110011111001 3.32537578003
1100100110101000 3.32537578003
0110000011100000 2.84868156589
0000110001001001 3.32537578003
1101100111100011 3.
0001101111000100 2.84868156589
1011010111101100 3.
1000001101100100 3.
0011001000111010 2.84868156589
0000010000100000 2.21691718669
1011011011111101 3.
0110110110111110 2.84868156589
1010100100111101 3.32537578003
1010110011001111 3.
1010001101101101 3.32537578003
0100010100010011 3.
0010110100111010 3.
0000111010001011 2.84868156589
0110010101101100 3.
0010001000010101 2.84868156589
0111000011100000 2.21691718669
1011010000001111 2.21691718669
1110111001101001 3.
1001100000010101 3.
1110101111100101 3.32537578003
1110111111111011 2.21691718669
1110001101101100 2.84868156589
1010100111000000 4.
0011000000010111 3.
1101101010000101 2.21691718669
1101001100111101 2.21691718669
1010101111101011 2.84868156589
1001110011011000 3.
0111110101011101 2.84868156589
1110010010110000 2.84868156589
1000100010101010 2.21691718669
1010101111101111 3.
1111110001110000 2.84868156589
0010011011001110 3.
0010001001010100 2.84868156589
0110000000011001 2.84868156589
0111011111001000 2.84868156589
1000010000011011 3.
1101000011011100 3.
1000101000100011 3.
1101000001001101 2.84868156589
1011000100000001 3.32537578003
1011010101110100 3.32537578003
1000011010110110 2.21691718669
0100101100011010 2.84868156589
1100101000011111 3.32537578003
0010010111111010 2.84868156589
1001011110000100 2.84868156589
0001010001000010 3.
0100101110100000 3.
1100011101111100 2.21691718669
1101101011111001 3.32537578003
1011110001010001 3.
0010101100000001 3.32537578003
0101110111101011 2.84868156589
1011010111100111 2.84868156589
1110000111110101 3.
1001011111101110 3.32537578003
0000111100001011 1.7012377756
1011001110101011 3.
0100000010000110 3.
1101110010011110 3.
1001111000101011 2.84868156589
1000100010101001 3.
0011111100100111 3.
1101110001011001 3.32537578003
0101010000100100 3.32537578003
1110000101010011 3.
0001101101001011 3.
1010100010001011 2.84868156589
0001000010100100 3.
0111100001001011 2.
0011001110010001 2.84868156589
1100010110100010 2.84868156589
0110001111010010 3.
1010000100011010 2.21691718669
1010011010001101 3.
1000011110101000 3.32537578003
1001010101011001 2.
0111011000010110 3.
0011110000111100 0.
1111111001011100 3.32537578003
0101000001011000 2.84868156589
1010101000011100 2.84868156589
1001001010011011 3.
0110010010100010 3.
0010111001110111 3.
0110000011001010 4.
0011110100010111 3.32537578003
0011010000101101 2.84868156589
1010101101011100 2.84868156589
0001111010011100 3.
1100111011100000 3.
0000001100000111 2.84868156589
0101010110000111 3.
1000001010111010 2.84868156589
1011111000001000 2.84868156589
0011000001001000 3.
0100000110101110 2.84868156589
0110111111100001 3.
1011111010001111 3.32537578003
1001000110101100 3.32537578003
0001011000101011 2.84868156589
1000000010010110 2.84868156589
0011111100100101 3.32537578003
0001000010101001 3.32537578003
0100101000101110 3.32537578003
0111101100010101 3.32537578003
1010010101010110 2.21691718669
0100010101101100 3.32537578003
1011010011100110 3.32537578003
0101000111010001 2.84868156589
0111101011101110 3.32537578003
0000010111011000 3.
0100101000011011 2.84868156589
0101011011110111 3.32537578003
1111011001110001 3.
1000100011001100 2.21691718669
1110011011100010 2.84868156589
0110101000111100 3.
1100011110000000 3.
1110100111010111 2.84868156589
1011110110001010 3.32537578003
1000111100111101 3.
1110000111011010 2.84868156589
1101100000101111 2.84868156589
1011111001011111 3.
0111000110100000 3.
0110001100111111 3.
0100110011010101 3.
0010100110101101 3.
1010011011001101 3.32537578003
0011001111111101 2.84868156589
0000010111001010 3.
1111101000100011 3.32537578003
1111010010011000 3.
1001001101110011 2.84868156589
1111110011100101 3.32537578003
0011010011011101 3.32537578003
0111101001010000 2.84868156589
1101011101011000 3.32537578003
1001010011100101 3.
1100011010000011 2.84868156589
0011110100010101 3.
1011110111100010 3.
1010100000100101 3.
0011010010011011 3.
0001100101101111 2.84868156589
1110100101111101 2.84868156589
1001011010010000 2.21691718669
1000110100011001 2.84868156589
1010111011001001 3.32537578003
1111000100000001 3.
1000001001100000 3.
0011011111111110 3.
1001100110100011 3.
1111001011011101 3.32537578003
1011110010000111 2.84868156589
1110100010110100 3.
0101110101010011 2.84868156589
1001111110110111 3.
1110111111111000 3.
1111100010111101 3.32537578003
0111111001100100 2.84868156589
0100100000000011 3.
0000100010101000 3.
1000100111001101 3.
0110011001100110 0.
0010110100111101 2.84868156589
1111111100011111 2.84868156589
0011001110111011 2.21691718669
0011000000111100 2.21691718669
0000110111101101 3.32537578003
1001111100001011 2.84868156589
1100100100001100 3.
1111111100001110 2.84868156589
1100001110001111 2.84868156589
1110100101110111 3.32537578003
1010000101101010 2.84868156589
0101110110100111 3.
0100000010000001 2.84868156589
1011001000011110 3.
1100000000101011 3.
0101010111001000 2.84868156589
1001011011001010 3.
0000010100100001 3.
0101100111001111 4.
1100101011111110 3.32537578003
1111000001001001 2.84868156589
1101101111001111 3.
0111000010110011 3.
1111010010101000 3.
1100101010011100 3.
1011000000010010 3.32537578003
0000001001110101 3.
0101101110101100 2.84868156589
0010110010010010 3.
0111110000101101 2.84868156589
0110111010110010 3.32537578003
1100001001100001 3.
0010010100010101 3.
1001001110001101 3.
1001110000101011 3.
0101010010011001 2.84868156589
1001101110000000 3.
1111100100111100 3.
0110000100010110 2.21691718669
0011100011000100 3.
0011100100010110 2.84868156589
1011110010011000 3.
0000110001000101 3.32537578003
0010110101000010 3.
0000100001000110 3.
0100010001101001 3.
0100001100000000 2.84868156589
1100000101010000 3.32537578003
1110110001101000 3.
1100101101100100 3.
0011111110011101 3.32537578003
0001000001111100 3.
0101111100101000 3.
0000100111010100 3.
1001101111011100 3.
1011010111000011 2.84868156589
1101110001001010 3.
0100100011010010 3.
1101011010110110 2.21691718669
0110110111001001 2.84868156589
0001101111101101 3.
0111010110101000 2.21691718669
1010110000110011 2.21691718669
1001001001100000 2.84868156589
0100100001111101 3.
0110101110101001 2.84868156589
0100000110001001 3.32537578003
0011111101100001 3.32537578003
0101100010100111 2.21691718669
0111001101101110 3.
1011000010111100 3.
0001000101110001 3.
0011001011100010 3.32537578003
1111001010011110 3.
0101100000011010 2.21691718669
0111000110100011 3.
0111100110001001 3.
0011110010101001 3.
1110100111011110 2.84868156589
1111110000111100 2.21691718669
0000101111110001 2.21691718669
1101011001100011 2.84868156589
0100010100110001 3.
0101101111001100 2.84868156589
0010100000001011 3.32537578003
0101110000110010 2.84868156589
1000001010001000 3.
0010011010110000 3.
1010000011110101 2.
0101110101110111 2.84868156589
1110010010111111 3.32537578003
0110010001011010 2.84868156589
1100100100001011 3.32537578003
0001110100100011 3.32537578003
1101101101011011 2.84868156589
0110011111010101 3.
1001111000000100 3.
1000111101000001 3.32537578003
0101000010001011 3.
0100001001111010 2.84868156589
1111111101010010 2.84868156589
1100001101101011 2.84868156589
1001001001101001 1.7012377756
0101000101101001 2.84868156589
1100011011010000 3.32537578003
1110100010010001 3.32537578003
0101110010000001 3.
0100100101001111 3.
0011111101011110 3.32537578003
0001100101001011 3.32537578003
1100011111110100 3.
1100001011100101 3.
0101001000110001 3.
1110110010111010 3.
0001100010001011 3.
0101110100001100 3.32537578003
0110010111001110 3.32537578003
0100111110011000 3.
1010001000011000 3.32537578003
1010001101110001 3.
1010001010010011 3.32537578003
0001111010010101 3.
1000010011111001 3.
0101111110101010 2.21691718669
0101010111111000 2.84868156589
1001110010101000 3.32537578003
0110000100011000 3.32537578003
0110000010101001 3.
1110111100001001 2.84868156589
1111011001011010 3.
1110110011110001 3.
1110001100011001 3.
0111110000001000 3.
1001001111000011 2.21691718669
0110101010101000 2.84868156589
0100111100100100 3.32537578003
1101101001000011 3.
1011001110100000 3.32537578003
0100100011110101 3.
1110100001101101 2.84868156589
1100111111001001 3.
1001101110100011 3.32537578003
0011100100111000 2.84868156589
0011111000111011 3.
0110000011111010 3.
0001101101011110 2.84868156589
1001100110111000 2.21691718669
1111010100100000 2.84868156589
1000100000011001 2.84868156589
0101010011101001 3.
0101110000100111 3.
0001010101101010 2.84868156589
1101001100101001 3.
0101011100000110 3.32537578003
0011000111000010 3.
1011101000101000 2.84868156589
1011011000110001 3.
1011011010111110 2.84868156589
0010010100011001 3.
1011011100110110 3.
1101111101000000 2.21691718669
1010111011100111 3.32537578003
0101110010110110 3.32537578003
0001000000110100 3.
0000010110100111 2.84868156589
1110000111100100 3.
0110101001100111 2.84868156589
1011000111011110 3.
1100111100100110 3.32537578003
1111010000001011 2.21691718669
1010011010100001 2.84868156589
0011100100000010 3.32537578003
0010011010011010 2.84868156589
0111100000000010 3.32537578003
0000010110110110 3.32537578003
0000111011000111 3.
1100101101011001 3.32537578003
1000101101110110 2.84868156589
0111101001110011 3.
1100000111010111 2.84868156589
0010010101010110 2.84868156589
1111100100001001 2.
0100101100000010 3.32537578003
0010110001101010 3.32537578003
1110100111100001 2.84868156589
0011010101000111 3.
1001101010100010 2.84868156589
0101110101010101 1.7012377756
0111100011110100 2.84868156589
1110010001011100 3.
0101011001011110 2.84868156589
0011011010011110 2.84868156589
0001010101100100 3.
0101010100011001 2.84868156589
0101100111001100 3.
0100011011110000 2.84868156589
0010100110111110 2.84868156589
0110010011100001 3.32537578003
0101001110010110 3.
1101101000010100 3.32537578003
1010111110111101 3.
0000111110000110 2.84868156589
0111001011010111 4.
0111000000000100 3.
1011110000010101 3.
1000110111111011 3.32537578003
1100110010100100 2.84868156589
1000011011101011 2.84868156589
1001101111001110 3.
0111101101100101 3.
1000000000001011 3.
0000010111101111 2.84868156589
0110000110100000 3.32537578003
0111100011010110 2.84868156589
1010000110001101 2.84868156589
1101001101010111 3.
0101000110011000 3.
1110010111011100 3.
0011101100010011 2.21691718669
1101100000000100 3.32537578003
1001111000110000 3.32537578003
0110010000110011 2.84868156589
1011001011110000 2.21691718669
1001100011011001 2.21691718669
1111110010000010 3.
0110000110110111 2.84868156589
1011100111100100 2.84868156589
1100001100011001 2.84868156589
1111101010001011 3.
0001011111110100 2.84868156589
0110110100000111 3.
0010111100000011 2.84868156589
1011100011101000 3.
0000101000011011 3.
1111010001001010 3.
0001000111000011 3.
0000000111100011 3.
1010001100000000 3.
0010101111000101 3.
0110100110001001 2.84868156589
1010000010001111 2.84868156589
0111010110001001 3.
1001011010001001 2.84868156589
1001101000111000 3.32537578003
1011101101100100 2.84868156589
1001101011010101 2.84868156589
1110001000000101 3.
0111010110001010 2.21691718669
1110011100111110 2.84868156589
0000100101010010 3.32537578003
1111000001110001 2.21691718669
1001000100111101 3.
0001001011000101 3.
1010111110001101 3.
0100001111011000 3.32537578003
0111101101101111 3.
1110000110010010 2.84868156589
1100001000000100 3.
0010101101100101 3.
0111100111001010 3.32537578003
0110000111010101 3.
0100110101010100 2.84868156589
1111101000111111 3.
1111000010011010 3.
0010111001110001 3.
0100100011101111 2.84868156589
0101010011001001 3.32537578003
1111111100010100 2.21691718669
0001010100110010 3.
1010111100001100 3.
1010000100101000 3.32537578003
0000110110000011 3.
0000010001001100 3.
1101011010110100 2.84868156589
0000001001101111 2.84868156589
1001011111100100 3.32537578003
0100110001011011 3.
1100001101101010 3.
1010101110011101 3.
0001110100100111 3.
1110000010111111 3.
1000001111111000 3.
0100000110101100 3.
1100001100001101 2.84868156589
1010001000101000 2.84868156589
1011100011001100 3.
1010101000111001 3.
0011110110001111 3.
0110110110110000 3.
1011010110100111 2.21691718669
0100000001001111 3.
0110101000100010 3.
1110010001010001 3.32537578003
0101101111101001 3.
1111011011111010 3.
0111110000001101 3.
1000001000011110 3.
1010100001001110 3.32537578003
0100011100100100 3.
0010110100001100 3.
1001101100100111 2.84868156589
1001011111111011 3.
0010011010101111 3.32537578003
0101101000011001 2.84868156589
0101111001110011 3.
1001111110110101 3.32537578003
0001010110110010 2.84868156589
0000101011101010 2.84868156589
0000100100101111 2.84868156589
1001100110001110 3.
0111011101001001 3.32537578003
1101110100010110 3.32537578003
0000111010011100 3.32537578003
1111000000110100 2.84868156589
0010001111111111 2.84868156589
1100000111001100 2.84868156589
1100001011010110 3.
1100010001011010 2.84868156589
0110011001000101 2.84868156589
0001011100110101 3.
0110100110100101 2.
0111010101100010 3.
0110111100000100 2.84868156589
0110101100011100 3.
0101001100001001 4.
0011011010101110 3.32537578003
1101001011101100 3.32537578003
1010001100111011 2.84868156589
1111111010011011 3.
0010101101110000 2.84868156589
1100010001111000 3.32537578003
1011100010111111 3.32537578003
1000011011010011 3.
1001100111010101 2.84868156589
0011111011111010 3.32537578003
0110111010100110 2.84868156589
1101110010111010 3.
1001110110011001 1.7012377756
0101111010001101 2.84868156589
1101000001110011 3.
0110010101110110 2.84868156589
0110010100010010 3.
0010010101011010 1.7012377756
1000001100111100 1.7012377756
0010101100010110 2.84868156589
1000010010010110 2.21691718669
1010011111101011 3.32537578003
0011110101011111 3.32537578003
0110011001011011 2.84868156589
1111101111001110 3.
0000100010010000 2.84868156589
0001100110000110 3.
0111111000011011 3.
0101111100100100 3.
0110100001110111 3.32537578003
1011010111010101 3.
1001010111011010 2.84868156589
0000101001100110 3.
0110100111010010 2.21691718669
0110110001111110 3.
1101000101010011 3.
1110100101111111 3.
0001010000001010 3.
0100011000011010 3.
0100001001001000 3.
0000001010000110 3.
1101000001010000 2.84868156589
0100011110010011 3.
0000101001110110 3.32537578003
0100100100001111 2.84868156589
1010010110001100 2.84868156589
1111100001110001 2.84868156589
1100011110011000 3.
0010000001001101 3.32537578003
0001111101101010 3.32537578003
0011101101100010 3.
0100100110001111 3.
1100010100111000 2.84868156589
1100111011000111 3.
0110001000100100 2.84868156589
0110011111110000 2.84868156589
1001000001011010 3.
0100001011111100 3.
1011101001001100 3.
0101011001000010 3.
0111110111001111 3.
1110001000100101 3.32537578003
1110100101111001 2.21691718669
0100100110101010 2.84868156589
0001100011110101 3.
1010011010001100 3.32537578003
1100001110100011 2.21691718669
1000000000100011 3.
0100011001110100 2.84868156589
0000110101001001 3.
0001100010010110 3.
0010000010001000 2.84868156589
0101100001101100 3.32537578003
0010111110110001 2.84868156589
1010110011011010 2.84868156589
1000111111100011 3.
0100001110010100 3.
1101111010010101 3.
0101101000111100 2.
0111011110100100 3.32537578003
0100101100110111 3.32537578003
0011010101011011 2.84868156589
1111101101001100 3.
0100000110001100 3.32537578003
0011011000000010 3.32537578003
1010011100000111 3.
0001110011010101 3.
0001111010000101 2.84868156589
0010000110101100 3.
0001011001011011 3.
1101001100111010 2.84868156589
0100011000000101 3.32537578003
0111010101101110 3.
0110010110001101 3.
0111111111111011 2.21691718669
0011000110111111 3.
0010111011101011 3.
1001000101100110 1.7012377756
1101111101100101 3.32537578003
0101011010110001 3.
1101110001101001 2.84868156589
0111110100111100 2.21691718669
1010000011010011 3.32537578003
1110111011000010 3.32537578003
0111001111111101 3.
1001111010101111 3.32537578003
0010010100010001 3.32537578003
0110110100000101 3.32537578003
1011111001101000 2.84868156589
1011011101101101 2.84868156589
0001111000110111 3.32537578003
1011000110010001 2.84868156589
0000010000000000 1.7012377756
0101001100101010 2.84868156589
0111010101001000 3.32537578003
0000101100001000 3.
1100100111010101 3.32537578003
0110110111001100 2.84868156589
0011011101010001 3.
1111000010011011 2.84868156589
1001000100011111 3.
0000001111110010 2.84868156589
0111110101100100 3.32537578003
0100100010110100 3.
0010011110100011 3.
0001000010100101 2.84868156589
1001010001011011 3.
0111110101101101 2.84868156589
1100101110010001 3.
1010001011101110 2.84868156589
0010010111001101 3.
0111101110011101 3.32537578003
1101110011001011 3.
1000110011001110 2.21691718669
0001001110011001 2.84868156589
1000110110100000 3.
1010101100101000 2.84868156589
1000001101011010 2.84868156589
0001001100100010 2.84868156589
0111110001110110 3.
0011101001110100 3.
1101100000110001 2.84868156589
0100110101111101 3.
1111100001101111 2.84868156589
0010101110110000 2.84868156589
1011111111101010 3.
0000000011111010 2.21691718669
0111110001011000 3.
0100000110010000 3.
1001111101000000 2.84868156589
1001000010010111 2.84868156589
1000010001010011 3.
1011000111000001 3.32537578003
1100000010001101 3.
1001111000100000 3.
0100000100010101 2.84868156589
1011100001110110 2.84868156589
1100110011010101 2.84868156589
0111111100101000 2.84868156589
0111110111000010 2.84868156589
0101010000010000 3.
0010000010001010 3.
1101101101101011 3.32537578003
1001011011010100 2.21691718669
1010111111011110 3.
0010101001100101 2.84868156589
1110100010100010 2.84868156589
1001111100001110 2.84868156589
0000111100010110 2.84868156589
0011111011110110 3.32537578003
0100110110111101 4.
0110101101111100 3.
0101100100110111 3.32537578003
1010100011011100 3.
1111001101011011 3.32537578003
0111010001111111 3.32537578003
1101111000111011 2.84868156589
0100011011111100 3.32537578003
1100000011100001 3.
0101010111011111 2.84868156589
0101110100001101 3.
1101011110111111 2.84868156589
1000111001001111 2.84868156589
0100101100111110 2.84868156589
0110000111010100 2.84868156589
0001101110000001 3.
0111111010101100 3.
1111010110101110 2.84868156589
1110010000010110 3.32537578003
1001111111110011 3.
0011110100001110 3.
1010001101000111 3.
0010010010100010 3.32537578003
1011111000011100 2.84868156589
0111101011101101 2.84868156589
1001100111100100 2.21691718669
0010100011010001 3.
0110111011110010 3.
0001010111001101 3.
1100011110011101 3.
0010101111100011 3.32537578003
1110000101011001 3.
1011011100001101 3.32537578003
0010110110011111 3.
0110000000010101 3.32537578003
0011000001101011 3.32537578003
0011101001001111 3.32537578003
0110101001001100 3.32537578003
0110011011001111 3.
0111111010100111 2.84868156589
1111110010111111 2.84868156589
1101010000100111 3.
0100111010001001 2.84868156589
1011000110000100 3.
1011100100101100 3.
1111011111010101 3.
0010111100001100 2.84868156589
1000110011110111 3.
1010110011010001 3.
0011010001110100 2.84868156589
1010110111001101 3.
0111110000001111 2.84868156589
1101011001001101 2.84868156589
0001001001110011 2.84868156589
0011000111010001 3.32537578003
1110001111111110 3.
1110011100010010 3.
0011110101001101 3.32537578003
0000000000101010 2.84868156589
1000001010101110 2.84868156589
0101001011000110 3.32537578003
1100010000110101 2.84868156589
0000111110001101 2.21691718669
0101100100010000 3.32537578003
0110010101101011 2.84868156589
0100010100000011 3.32537578003
1011000111000011 3.
0010111000100010 3.
1101101111111100 3.
0010010011110100 3.32537578003
0111101011001000 3.
1100001101000000 2.84868156589
1111100100011111 2.84868156589
0111001011000010 3.32537578003
1110100101100111 3.
1010000010110100 3.
1000101010111111 3.
0000000000010010 2.21691718669
1100010000101110 3.32537578003
1110001010100000 3.
1001011101111101 2.84868156589
1100001010011000 3.
0000111101110110 2.84868156589
1000101110101110 2.84868156589
0000011010101110 3.32537578003
0001111111110110 2.84868156589
1110100111000011 2.84868156589
1100000111101001 3.
1001101111110101 3.32537578003
0100101001111100 3.
1011111010000100 3.
1101111001001101 3.
0010110000001000 3.
0011111110100011 3.
0011111110000011 2.84868156589
0101000101100000 3.32537578003
1010111101010110 3.
1011010100000110 3.32537578003
0100100000001000 2.84868156589
1001000111111011 3.
1011101101010110 3.
0111111110101100 3.32537578003
0111111110100110 3.32537578003
0110110010011000 2.84868156589
1001001111111111 3.
0001000100000100 2.84868156589
0001000111100110 2.84868156589
0000010001101000 3.
1010100010011010 2.84868156589
1110111101010101 2.84868156589
0010000111111010 3.
1110000100011000 3.
0001110011101010 3.
1110001000101011 3.
0110111111100011 3.32537578003
1110111101001011 3.32537578003
1111101000010100 3.
1001110101010001 3.
0101011000000111 3.32537578003
1001001100010111 3.
0101101101001000 2.84868156589
1000110110001001 2.84868156589
0001100010010011 3.
0111000000001100 2.84868156589
1001000110100010 3.
0110100000111000 3.
1101111100100101 3.
0100110010101010 2.84868156589
1011011011100111 3.32537578003
0111011011111110 3.
1110100100011001 3.
0111011011110111 3.
1110001111011001 3.
0110001011111110 3.
0000101101110101 3.
0110000101111010 3.
0001100110111011 2.84868156589
1010011010011010 2.
1010011001101100 3.
1100101010001110 3.
1111011000111010 4.
0001111100010100 3.32537578003
1111010001101110 3.
0010101001110111 2.84868156589
0000011001001101 3.
0101111010101111 2.84868156589
0101100110101001 2.
0100111111010110 3.
0100010101000111 2.84868156589
0111100011011000 3.
0110100110001111 2.84868156589
0110011011101011 3.
0011001111111001 3.
1111100110011110 2.84868156589
1000010100100111 2.84868156589
1011101001011101 2.21691718669
0111100010011100 3.
1111111011000101 3.32537578003
0010000001100101 3.32537578003
0110000100011001 3.
1110110000010100 3.32537578003
1001010110101000 2.84868156589
0100001100011001 3.
0001110111000111 2.84868156589
0011101010001101 3.
1000111000101101 3.
1001101000001111 3.
0100010011011011 3.
1001100011010110 3.
1001111011001111 3.32537578003
1111010111000010 3.32537578003
0011001000110110 2.84868156589
1011111001110010 4.
1010111000001011 3.
0101001000000001 3.
1101011111010111 2.
1011001011101110 3.
1100100110011111 3.
1111110010011010 4.
0011000110110011 2.21691718669
1011011011010010 2.84868156589
0110111110110101 3.32537578003
0111010101111011 3.32537578003
1011101111011011 3.
0101110110101010 1.7012377756
0011010011110111 3.
0000111010000010 3.32537578003
1000100011101011 3.
1000001000100110 3.32537578003
0110010111110101 3.
1101011110000010 2.
1011010110101101 2.21691718669
0001011011110101 3.32537578003
0101100011001000 3.
1010000111111110 3.
1011110101100110 2.21691718669
1110001101010000 3.32537578003
0001101010000101 2.21691718669
0010100001001000 3.
1100110011010100 2.21691718669
1011011100111101 3.32537578003
1100000010011101 3.32537578003
1101000111110101 3.
1110000010010111 3.
0100000101100010 3.32537578003
1111000101001101 2.84868156589
0010000010111100 3.
0100001100100001 3.32537578003
0000110001001100 2.84868156589
0110111001100110 1.7012377756
1100011010100111 3.32537578003
0000000111001000 3.
0000100000100011 3.
0001101111110001 2.84868156589
0010010010111101 2.
0100011101111100 2.84868156589
0110110100101100 3.
0111011100101100 3.32537578003
1110101101001100 3.32537578003
0111111010100000 3.
0100000111111101 2.84868156589
0010000101111011 2.
0001000010011010 3.32537578003
0001011100111010 3.
0010011110000101 2.84868156589
0010100111101101 2.84868156589
1110101001100100 3.
0010110110101101 2.84868156589
0010000110110110 2.84868156589
0000110111010000 2.21691718669
0000101101010110 3.32537578003
0100101011110000 2.84868156589
0010000110100100 2.84868156589
1101100111011101 2.84868156589
1001000010001011 3.
0100101100100010 4.
1100110000101111 2.84868156589
0011101111110001 3.
0100010011001010 3.
1011010100100000 3.
1110111110101110 3.
0010011001011000 3.
1011010111000101 2.84868156589
0100011111101010 2.84868156589
1111011110011000 3.
1000111000010110 2.84868156589
0100110110010000 3.
1000000000111010 3.32537578003
0011101100111001 2.84868156589
0001111101110000 2.21691718669
1011100111000111 3.
0001100010001111 3.32537578003
0100001100100100 2.84868156589
1000000001000010 2.84868156589
1011000011010000 2.21691718669
1011111010111000 3.
0100000100100110 3.32537578003
1001011111101111 3.
1111000101110001 2.84868156589
0000010101111001 3.32537578003
1101000111111000 2.84868156589
1111100011001010 3.32537578003
1011101100000101 3.
0111011000000101 3.32537578003
0101010100101010 1.7012377756
0010000100101110 4.
1010011001111100 3.32537578003
1000000101000100 3.
0010001110011100 2.84868156589
0110100001110100 3.32537578003
1010100101100011 3.
1110011101000010 2.
1110001001110111 3.
0100011110110110 3.32537578003
1010111100000000 2.21691718669
0001000011010011 3.
0110010010110111 3.32537578003
0100110111110000 2.21691718669
0101111100011011 3.
1101011011100011 3.
1000100010111110 3.
1010110010110000 3.32537578003
0000110001110111 3.
0001101100100011 2.84868156589
1011110100110100 2.84868156589
1111001100001100 2.
0111101111011001 3.32537578003
0011100000111100 1.7012377756
0100011010010011 2.84868156589
1111101011010110 3.32537578003
1010101100100111 3.32537578003
1010111011100010 2.84868156589
1101100000101110 3.
1011101101010111 2.84868156589
0000101111101111 3.
1100000010010000 3.
1100110101011111 3.32537578003
1011000000010111 2.84868156589
1111111001011000 3.
1010111010110011 3.
1000011001101000 2.21691718669
0100011000010100 3.32537578003
1101011110001010 2.84868156589
0101110100010101 2.21691718669
1100000001010010 3.32537578003
0011110110001010 3.
0010010010010110 3.
1100111001000010 3.32537578003
0100110111101101 3.
0110000010011101 2.84868156589
1110000010000010 3.32537578003
0001110101001111 2.84868156589
0111100110000101 3.
1010110011001011 2.84868156589
0000111100001101 1.7012377756
0100011010110001 2.84868156589
1010011111100100 2.84868156589
1101010001101001 2.21691718669
0101111000100110 3.
1010100010000100 3.32537578003
1101001111100000 3.
1000010100111001 3.32537578003
0111001110101111 3.32537578003
1000001001001001 2.84868156589
1100100000100001 2.84868156589
1100111010001000 2.84868156589
1100010110000000 3.32537578003
0010110001010010 3.
1011001001110101 2.84868156589
0010110011100100 3.32537578003
0101101011010100 3.
0001101101001100 2.84868156589
1000101111010111 3.
0101000101001000 3.32537578003
0000100010001000 2.84868156589
0101110000011100 2.84868156589
0110010101111110 3.
0001011100100101 3.32537578003
0111101011011000 2.84868156589
0111101011010101 3.
0001000010101111 2.84868156589
0000101001010101 2.21691718669
1110001011111110 3.32537578003
0111011000011101 2.84868156589
1111001011000110 3.32537578003
0011000011101111 2.84868156589
0001110111001010 3.
1000100011001101 2.84868156589
1001110100110100 3.
0011010011000001 2.21691718669
0011110111011100 3.
0100000100001001 3.
0010011111011110 3.
0011101011100001 3.
0000110011110001 2.84868156589
1000101110100111 3.32537578003
0110111000100010 2.84868156589
0010110011001010 2.84868156589
0110111110101100 4.
1111110010111000 3.
1101101001110111 3.32537578003
1101110101001010 3.32537578003
0110100000110000 3.32537578003
1010000101010010 2.21691718669
1001000011010010 3.
0011010001100110 2.84868156589
0111100100001100 3.32537578003
1001110100100000 3.
1101111100010000 2.21691718669
0111001101110110 3.
0010000111001111 3.
0000011100111010 3.32537578003
0000100101111110 3.
1101110000010110 3.
0011000110100011 2.84868156589
0010010011111100 3.
1010000001001001 3.32537578003
1111011101000010 2.84868156589
1101111010101101 2.84868156589
0011010010001100 3.
1011000101100111 2.84868156589
1000101100100010 3.
1011001000010011 2.84868156589
0011011000000101 4.
1111000010000011 2.84868156589
0011001110000101 2.84868156589
1011110111100000 3.32537578003
0010001111011101 2.84868156589
1111101010011000 3.32537578003
1010010110111000 3.
1010000110111111 3.
0100110000010110 3.
0010010000101100 2.84868156589
0010001101001101 2.84868156589
0011011101000011 3.
1010011101111111 3.
0011000100111000 3.
1101101011011011 2.84868156589
1001000101011101 3.
0000110011101101 3.
1010000010011100 4.
0100000001011111 2.84868156589
1110011000011010 3.
0100010110101000 2.21691718669
0110111011011010 3.
1110001000001100 3.
1101011011100001 2.84868156589
0001001101000010 3.32537578003
0011110011111110 2.84868156589
1000110000111010 2.84868156589
0010001111001110 2.21691718669
0101000001001100 3.32537578003
1111001111010111 3.
0011100000100111 3.32537578003
1111100110110001 3.
1111100101000111 3.
1011001101001011 3.32537578003
0101001101100111 3.32537578003
0011110110000100 3.32537578003
1001101101010100 3.
1110100011110100 2.84868156589
1000001010111001 3.32537578003
1011110010000010 2.84868156589
0010100101100101 2.84868156589
0101000110010110 2.84868156589
0110100100000101 3.
0100000010011000 3.
1000001000100011 3.32537578003
1110101011101001 3.
1101101011000101 2.84868156589
0110000100110111 3.
0110000111010110 2.21691718669
0110110001001001 2.84868156589
1000100101010010 3.
0101000010101101 2.84868156589
0110000010010000 2.
1001010110100100 2.84868156589
0011001100101100 2.84868156589
1011110001011010 2.84868156589
0011100010100000 3.32537578003
1000101001001101 2.84868156589
0111101110110100 3.
1000011101110100 3.
0111011101010010 3.32537578003
1010110111001100 2.84868156589
1011000100011010 2.84868156589
0100110101011111 3.
1000000010101110 3.
1011011110100101 2.21691718669
1001000011000111 3.32537578003
0010011111000000 3.
1000100010011000 2.84868156589
1100010110100101 2.21691718669
0010100100100101 3.
0100110110010011 3.
0001110101001100 3.32537578003
0101110101001110 3.32537578003
0010000111110010 3.32537578003
1000111011101101 3.
0110010000000001 3.
0111001001101100 3.
1010111100000010 2.84868156589
1011010011010100 3.
0100110010001100 2.21691718669
1110110101101000 2.84868156589
0101011000000101 3.
0101101111010110 3.
1111111001101010 3.32537578003
1100100111100100 3.
1101110110101000 2.84868156589
1010011001011100 3.
1100101010010000 4.
1110100000001001 3.
0001001101100101 3.32537578003
0111001110100110 3.32537578003
0010111100110010 3.
1111110010010011 3.
0010110011101011 2.84868156589
0011111011111000 3.
1010001111011110 3.
1110110000010010 2.84868156589
0011001100101101 3.
1100001110110110 2.84868156589
0110110010010000 3.
0010111111001000 3.
0001000101100011 3.
0000000010011111 2.21691718669
0101010011001101 3.
1100010100001101 3.32537578003
0011111111100101 3.32537578003
1111010101000111 3.
1100111001111011 2.84868156589
0010101101110010 3.
1100111110100110 4.
1011000011100110 3.
1110000110100011 3.
1000001011100011 2.84868156589
1101101001011111 2.84868156589
0110000001101111 2.
1101011111100000 3.32537578003
1001010010111110 2.84868156589
1011110000010100 2.84868156589
1111110011110101 3.
0101000111100111 3.32537578003
1010101110100001 3.
1011000110100000 3.
0010111001100111 2.84868156589
1001001001111011 2.84868156589
0100011000110100 3.
0111001101010001 3.
0111101110110001 3.
1101000101011100 3.
1010001110101101 2.84868156589
1001001000101110 3.32537578003
0111010000000000 3.
1110100010001111 2.84868156589
0000000111010001 3.32537578003
1110000011011111 3.
0101011100100110 3.
0010000000111001 3.32537578003
0101011110110000 3.
0111001110010010 3.
0111010010010110 3.
0100001000110011 3.
1101001110010100 3.
0110010101010100 2.84868156589
1011101100000001 2.84868156589
0000111111110001 1.7012377756
0001000110111110 3.
0101101011011010 1.7012377756
0101110111010011 3.
0111010011110100 2.84868156589
1100101100110100 2.21691718669
0011100001100111 3.
0101000011001000 3.32537578003
1001101101100100 2.21691718669
0011100001110101 3.
1010101111010011 3.
1110001000001111 2.21691718669
1001011101010011 3.32537578003
1100100101101011 2.84868156589
1101000110110110 3.32537578003
1010011010001111 3.32537578003
0111011011110000 2.84868156589
0100010010101000 2.84868156589
1011000100100010 3.
1001111000000110 2.84868156589
1010101000100101 2.84868156589
0011010011010001 2.84868156589
0010011111000111 3.32537578003
1100100000110000 2.84868156589
1011000001011111 2.84868156589
0010011010001011 2.84868156589
1111011010011100 3.
1000100011000000 3.
0010000100110010 2.84868156589
1111001101010010 3.32537578003
1000110010011101 3.
1110111010110111 3.
1100100010100010 3.
0010100111001000 3.
0110111101110110 2.84868156589
1110000101110111 4.
0101001001010101 2.84868156589
1111111101001011 3.
0110001001100111 2.21691718669
0111111101110010 3.32537578003
0011101000010100 3.
0110001001111011 3.32537578003
0110110001011100 3.
1101000010110111 3.32537578003
0001101110101101 2.84868156589
0110011101111111 3.
1111001100101000 3.
0101111010001000 3.32537578003
0111011110111100 3.32537578003
1100010010010110 2.84868156589
0010110011110101 3.32537578003
1001111111010011 3.32537578003
1001100110101011 2.84868156589
1101011001011000 3.
1100110110101100 2.84868156589
0000011011001101 3.32537578003
1111110011011000 3.
1001100000001001 2.84868156589
1100111110001110 3.
1110001100010110 3.
1100000101100011 2.84868156589
0101010100001111 2.
0100000101010010 3.32537578003
0101101011000111 2.84868156589
0101011100000011 3.32537578003
0111010011010110 3.32537578003
0110001100011111 3.32537578003
0110000101111001 2.21691718669
1100000111010011 2.21691718669
0101111111110111 2.84868156589
1000111011000001 3.32537578003
1011101001010001 2.21691718669
0100110110111100 3.32537578003
0101111011001111 3.32537578003
0111100010000101 2.84868156589
1100100001011000 3.
0110100000101011 2.84868156589
1110111000010011 2.84868156589
0010001000000101 3.
0001101000110111 3.
0110000100101001 2.21691718669
0101111010011001 2.84868156589
1010001011100111 3.32537578003
0110100011011001 3.
1010110010100001 2.84868156589
1001100000011111 3.
1010111011000010 3.
0100110001100111 3.
1000100001010100 2.84868156589
1011001110001110 2.84868156589
0101010110100111 2.84868156589
0010011101110010 2.
1011000000111100 2.84868156589
1111000100011000 3.32537578003
1001111010100000 3.32537578003
1110101111011111 2.84868156589
1111010100001011 2.84868156589
1001100101000011 2.84868156589
1000011111010000 2.84868156589
1000111111011011 3.32537578003
1011001111111000 3.
1110001000101110 2.
0010001001000010 3.
0111100010110011 3.32537578003
0000110100101111 2.21691718669
1100000100010111 3.32537578003
0001111000110011 3.
1011101001110110 3.
1010001010101101 3.
0000011001101010 3.
0000000100011001 3.
0011001111001001 2.21691718669
1100111100001111 2.21691718669
1101001111010101 3.
1011001111001100 1.7012377756
1100101010101010 2.21691718669
1011001000111111 3.
0111001001010001 3.32537578003
0110000000010001 3.
1111111001101101 3.
0111000101011101 2.84868156589
0001111101110001 2.84868156589
1110010101011011 2.21691718669
1111100100101101 3.
0101011110011100 3.32537578003
0000000111100010 3.32537578003
1010001110100110 3.
0111000010110010 2.84868156589
1111100111110111 2.84868156589
0011011110100011 2.84868156589
0011011001010110 3.
0100010101100111 3.
1001001000011011 3.32537578003
0001100001100100 2.84868156589
1111100110001111 2.84868156589
1000010011001011 3.32537578003
0000001001011101 3.
1000111100010100 3.32537578003
0011011100000011 2.84868156589
0000011100101010 3.
1010000101101011 3.
0100011010111111 3.
0010111001110101 2.84868156589
1001011111010001 3.32537578003
0000000000001100 2.21691718669
1000100100001010 3.32537578003
1010001011001010 2.84868156589
0111001001100011 3.
1101010000111010 3.
1001010010001101 3.32537578003
1011011011110111 3.
1011010100101101 2.84868156589
0101000011010011 3.32537578003
0111101111011111 2.84868156589
0000110000001000 2.84868156589
0101101101101111 3.32537578003
0111001111101101 2.84868156589
1111111000010011 3.
0101111101010101 2.21691718669
0100000010011010 3.32537578003
0110001010111000 2.84868156589
0110101010010011 3.
1110001001001011 3.
1001010011000000 3.32537578003
0101001010101101 2.21691718669
1111100011101011 3.32537578003
1101000111000100 3.32537578003
0001011111111101 3.32537578003
0111110101001110 4.
0101001110001110 3.
0001101110111110 4.
1100001000100110 3.
0110010101000110 2.84868156589
0010010011000100 3.32537578003
1000010111011111 3.
1101010000111111 3.
1101010000000010 3.32537578003
1110100001110111 3.
0110101011010011 3.32537578003
0000100000011011 3.32537578003
0110101111110000 2.84868156589
1110001001111010 3.32537578003
1011010000001000 3.32537578003
0011100010001001 3.
0110011101001101 3.32537578003
1110011010000100 3.32537578003
1011111101100111 3.
0100101111110110 3.
0011000101111101 3.32537578003
0000100101001110 3.
0011010100000011 3.
0010001101101111 3.32537578003
0001110110110111 4.
1011000001001001 3.
1111011111110000 2.84868156589
0000100110011111 2.
1101001110111011 3.32537578003
0010111010100000 3.
1000001010001110 3.
0100000111100011 2.84868156589
1100101111010010 2.84868156589
0100010011111010 3.
0000111000010110 3.
0100101001110000 3.
0001000000110001 3.
0111011110100010 2.84868156589
1100110110110111 2.84868156589
1100011111000010 2.21691718669
1010000100111010 2.84868156589
0100101000011001 3.
1100100001011101 3.
1001000010001110 3.
0110101111100111 3.32537578003
0111110110100001 3.32537578003
1101111100110000 2.84868156589
1000000000001110 3.
1100010110111101 3.
0000100001011010 2.84868156589
0001011101101000 2.84868156589
0011101100100111 2.84868156589
1010100010001001 3.
1101000010000010 3.32537578003
0001000001001110 3.32537578003
0011101001111011 3.
0111000000000001 3.
1000110011010110 3.
0100111101111011 3.32537578003
0100000111001100 3.
1100000111101111 3.
1001000010000100 3.
1001010100011100 3.32537578003
0011000101111110 3.32537578003
1110001011111000 2.84868156589
1111000010111000 2.21691718669
1111111001000101 3.
0100111011011010 2.84868156589
1010110010110110 3.32537578003
0000011001101011 2.84868156589
0110001010011000 2.21691718669
0101110100000101 2.84868156589
0101010001000010 3.32537578003
1010001101000001 3.
1000000010000000 2.21691718669
1100001011000000 2.84868156589
0001000110110000 3.32537578003
1110100101011111 3.32537578003
1010110001111011 3.
1011110111110111 2.84868156589
0010010011000101 3.
1100000110011101 3.
1011001100000100 3.
0111101111000000 3.
1001010111000010 3.32537578003
1101010010000011 3.32537578003
1001100100110110 2.21691718669
1101100011010110 3.32537578003
0000100110001111 2.84868156589
1110101000011100 3.
0001000100010110 3.32537578003
0100110001100110 2.84868156589
0001100011010011 2.84868156589
0011010101100110 3.
1000001011101000 3.
0111000100100111 3.
1111100100000101 3.
0010010110001000 3.32537578003
0010000010101101 3.
1001101101001011 3.32537578003
0111011011001100 2.84868156589
1000110111010011 3.32537578003
0111011000100110 2.21691718669
1011101100001011 3.32537578003
1101000101000111 2.
1011001101101111 3.32537578003
1010011000111100 3.
0000011000011100 3.32537578003
1101110111011000 3.
0011011001001101 3.
0101001111111100 3.
0111010011010001 2.
1000110001011110 3.
0100000100111101 2.84868156589
0001001001111100 3.32537578003
0001110110111000 2.
1110000110110101 2.84868156589
1001110010001101 3.
1101001110100101 2.84868156589
1010010000001111 2.84868156589
0110010110011111 3.
1001111001000101 3.
0010000101101100 3.
0111110011001110 3.
1100111110111000 3.
0001101010001101 2.84868156589
0100101110001110 3.
1101011000000100 3.
0010111101100000 2.84868156589
1011100000000011 3.
1001100011111100 3.32537578003
0011100001011110 3.
0100001000100101 2.84868156589
0011101000011011 3.
1100100001011111 3.32537578003
1111000001101010 3.
0001101100110111 2.84868156589
0000110010101101 3.32537578003
0000011010110100 3.
1100101010100010 2.84868156589
1110111001100011 3.
0101110100010111 2.84868156589
0101100101101001 2.21691718669
1101010110100001 3.
1110101110010110 2.21691718669
0001110101110100 2.
0101110100011100 3.
1111101011111011 2.84868156589
1100001010010100 3.
0111001111010011 3.
1111001110101101 3.32537578003
0110111010011001 1.7012377756
0111010111011011 3.32537578003
1111010111101011 3.
1110011000011110 3.32537578003
0111110000101010 3.
1110000010110010 2.84868156589
0011111000011111 3.
1111011000110100 3.32537578003
0000111011011100 3.
1100010111010010 3.
0011001100010001 2.21691718669
0000001011110010 3.
0000001000000110 2.84868156589
1100010001101110 3.
0100011011101001 3.
1111101000001000 2.84868156589
1000111000011101 3.
0101011111100100 3.32537578003
0100110010010110 2.84868156589
0110001000101101 3.32537578003
0101100100001110 3.32537578003
1011110001110111 3.32537578003
1011111001100110 3.
0101011100111101 3.
1011101111111010 3.
0101110011100110 3.32537578003
0010110101011001 3.
0101001010010111 3.
0101010111111100 3.
1011100010000100 4.
0011100100110001 2.84868156589
1000100000100011 2.84868156589
0010000111111111 2.21691718669
1010010101001011 2.21691718669
0001001001011011 2.84868156589
0110010100010011 3.32537578003
1101110011100110 3.
0000010000011111 3.
1111000100001011 2.21691718669
0011110001111001 2.84868156589
1000110000110011 1.7012377756
1101001101110000 3.
0010101111011000 3.
0111010101011011 3.
0110011110110000 3.
0000001011011001 3.
1110001110010110 2.84868156589
0010001001010000 3.
0101000101011110 3.
1001001110110000 3.32537578003
1111101010111000 3.
1011001101011010 2.84868156589
1111111110001000 2.21691718669
1011000011101101 3.32537578003
1010000101000111 3.32537578003
0000100110011001 2.21691718669
0001001011000010 3.32537578003
0100011011011110 3.32537578003
0011110101100010 3.
1110011001110011 3.
0001010100100011 3.
0110011110101111 3.32537578003
0001011110011001 3.
0000111011111101 3.
1001110011100110 2.84868156589
1100000001000011 2.84868156589
0111101111011010 2.84868156589
0101110011111001 4.
0111001011100111 3.
1110111100100111 3.32537578003
0011001010001010 3.
